test/00000001.jpg 69 39 24 42 79
test/00000002.jpg 69 39 42 89 24
test/00000003.jpg 69 39 24 42 3
test/00000004.jpg 69 39 24 42 89
test/00000005.jpg 69 39 24 42 79
test/00000006.jpg 69 39 42 24 3
test/00000007.jpg 69 39 42 24 3
test/00000008.jpg 69 39 42 24 89
test/00000009.jpg 69 39 24 89 42
test/00000010.jpg 69 39 24 42 79
test/00000011.jpg 69 39 24 42 3
test/00000012.jpg 69 39 24 89 3
test/00000013.jpg 69 39 24 42 79
test/00000014.jpg 69 39 24 3 42
test/00000015.jpg 69 39 24 42 89
test/00000016.jpg 69 39 24 79 42
test/00000017.jpg 69 39 42 24 89
test/00000018.jpg 69 39 42 24 3
test/00000019.jpg 69 39 42 3 24
test/00000020.jpg 69 39 24 89 3
test/00000021.jpg 69 39 24 42 3
test/00000022.jpg 69 39 24 42 3
test/00000023.jpg 69 39 24 42 79
test/00000024.jpg 69 39 24 79 89
test/00000025.jpg 69 39 24 89 42
test/00000026.jpg 69 39 24 42 79
test/00000027.jpg 69 39 24 3 89
test/00000028.jpg 69 39 24 3 42
test/00000029.jpg 69 39 24 3 89
test/00000030.jpg 69 39 24 42 3
test/00000031.jpg 69 39 24 89 42
test/00000032.jpg 69 39 24 42 89
test/00000033.jpg 69 39 24 74 3
test/00000034.jpg 69 39 42 89 24
test/00000035.jpg 69 39 24 42 79
test/00000036.jpg 69 39 24 42 79
test/00000037.jpg 69 39 24 42 89
test/00000038.jpg 69 39 24 42 3
test/00000039.jpg 69 39 42 24 3
test/00000040.jpg 69 39 24 42 89
test/00000041.jpg 69 39 24 42 79
test/00000042.jpg 69 39 24 42 79
test/00000043.jpg 69 39 24 42 3
test/00000044.jpg 69 39 24 42 3
test/00000045.jpg 69 39 42 74 24
test/00000046.jpg 69 39 24 42 89
test/00000047.jpg 69 39 42 3 89
test/00000048.jpg 69 39 24 42 3
test/00000049.jpg 69 39 24 89 3
test/00000050.jpg 69 39 42 24 79
test/00000051.jpg 69 39 24 42 89
test/00000052.jpg 69 39 24 42 3
test/00000053.jpg 69 39 24 42 89
test/00000054.jpg 69 39 24 42 79
test/00000055.jpg 69 39 24 42 89
test/00000056.jpg 69 39 42 24 74
test/00000057.jpg 69 39 24 79 89
test/00000058.jpg 69 39 24 42 89
test/00000059.jpg 69 39 24 3 74
test/00000060.jpg 69 39 89 24 42
test/00000061.jpg 69 39 24 42 79
test/00000062.jpg 69 39 42 24 89
test/00000063.jpg 69 39 42 24 79
test/00000064.jpg 69 39 79 42 24
test/00000065.jpg 69 39 24 79 42
test/00000066.jpg 69 39 42 24 89
test/00000067.jpg 69 39 24 3 79
test/00000068.jpg 69 39 24 79 42
test/00000069.jpg 69 39 24 79 42
test/00000070.jpg 69 39 3 24 42
test/00000071.jpg 69 39 24 89 42
test/00000072.jpg 69 39 42 89 24
test/00000073.jpg 69 39 24 42 3
test/00000074.jpg 69 39 42 24 89
test/00000075.jpg 69 39 42 24 89
test/00000076.jpg 69 39 24 42 3
test/00000077.jpg 69 39 24 42 3
test/00000078.jpg 69 39 24 79 42
test/00000079.jpg 69 39 24 42 89
test/00000080.jpg 69 39 89 24 42
test/00000081.jpg 69 39 24 42 79
test/00000082.jpg 69 39 24 42 79
test/00000083.jpg 69 39 24 3 89
test/00000084.jpg 69 39 42 24 89
test/00000085.jpg 69 39 42 24 3
test/00000086.jpg 69 39 42 24 74
test/00000087.jpg 69 39 42 24 79
test/00000088.jpg 69 39 89 24 42
test/00000089.jpg 69 39 3 24 79
test/00000090.jpg 69 39 24 42 89
test/00000091.jpg 69 39 24 42 3
test/00000092.jpg 69 39 24 89 3
test/00000093.jpg 69 39 24 89 42
test/00000094.jpg 69 39 24 42 3
test/00000095.jpg 69 39 42 24 3
test/00000096.jpg 69 39 24 3 89
test/00000097.jpg 69 39 24 42 89
test/00000098.jpg 69 39 24 42 89
test/00000099.jpg 69 39 24 89 42
test/00000100.jpg 69 39 24 42 89
test/00000101.jpg 69 39 24 42 3
test/00000102.jpg 69 39 24 42 3
test/00000103.jpg 69 39 24 89 42
test/00000104.jpg 69 39 24 42 89
test/00000105.jpg 69 39 42 24 79
test/00000106.jpg 69 39 42 24 3
test/00000107.jpg 69 39 24 42 3
test/00000108.jpg 69 39 24 42 3
test/00000109.jpg 69 39 89 42 3
test/00000110.jpg 69 39 24 42 79
test/00000111.jpg 69 39 24 42 3
test/00000112.jpg 69 39 24 42 3
test/00000113.jpg 69 39 42 74 3
test/00000114.jpg 69 39 24 42 89
test/00000115.jpg 69 39 24 79 42
test/00000116.jpg 69 39 3 24 42
test/00000117.jpg 69 39 24 42 74
test/00000118.jpg 69 39 89 24 3
test/00000119.jpg 69 39 24 42 3
test/00000120.jpg 69 39 24 79 89
test/00000121.jpg 69 39 24 42 89
test/00000122.jpg 69 39 79 42 24
test/00000123.jpg 69 39 24 42 79
test/00000124.jpg 69 39 42 24 79
test/00000125.jpg 69 39 24 74 42
test/00000126.jpg 69 39 24 89 42
test/00000127.jpg 69 39 24 42 79
test/00000128.jpg 69 39 24 89 3
test/00000129.jpg 69 39 24 42 3
test/00000130.jpg 69 39 24 89 3
test/00000131.jpg 69 39 24 79 89
test/00000132.jpg 69 39 42 24 89
test/00000133.jpg 69 39 42 24 3
test/00000134.jpg 69 39 42 24 89
test/00000135.jpg 69 39 24 42 3
test/00000136.jpg 69 39 42 24 89
test/00000137.jpg 69 39 24 89 42
test/00000138.jpg 69 39 24 3 42
test/00000139.jpg 69 39 24 89 42
test/00000140.jpg 69 39 24 42 79
test/00000141.jpg 69 39 24 89 74
test/00000142.jpg 69 39 89 24 42
test/00000143.jpg 69 39 24 3 79
test/00000144.jpg 69 39 24 42 79
test/00000145.jpg 69 39 24 42 79
test/00000146.jpg 69 39 24 42 3
test/00000147.jpg 69 39 42 24 74
test/00000148.jpg 69 39 24 42 74
test/00000149.jpg 69 39 24 42 79
test/00000150.jpg 69 39 42 24 3
test/00000151.jpg 69 39 24 42 79
test/00000152.jpg 69 39 24 42 79
test/00000153.jpg 69 39 24 42 89
test/00000154.jpg 69 39 24 42 89
test/00000155.jpg 69 39 42 24 89
test/00000156.jpg 69 39 24 42 89
test/00000157.jpg 69 39 24 74 3
test/00000158.jpg 69 39 42 24 74
test/00000159.jpg 69 39 42 24 89
test/00000160.jpg 69 39 24 79 3
test/00000161.jpg 69 39 24 42 89
test/00000162.jpg 69 39 24 42 89
test/00000163.jpg 69 39 42 24 89
test/00000164.jpg 69 39 24 79 42
test/00000165.jpg 69 39 24 42 3
test/00000166.jpg 69 39 24 42 3
test/00000167.jpg 69 39 24 42 89
test/00000168.jpg 69 39 24 89 42
test/00000169.jpg 69 39 89 42 24
test/00000170.jpg 69 39 24 42 89
test/00000171.jpg 69 39 24 42 89
test/00000172.jpg 69 39 24 89 42
test/00000173.jpg 69 39 42 24 79
test/00000174.jpg 69 39 42 3 89
test/00000175.jpg 69 39 24 42 79
test/00000176.jpg 69 39 24 79 89
test/00000177.jpg 69 39 42 24 79
test/00000178.jpg 69 39 24 42 3
test/00000179.jpg 69 39 24 42 3
test/00000180.jpg 69 39 24 3 89
test/00000181.jpg 69 39 24 3 42
test/00000182.jpg 69 39 42 24 3
test/00000183.jpg 69 39 24 79 42
test/00000184.jpg 69 39 24 3 79
test/00000185.jpg 69 39 24 42 79
test/00000186.jpg 69 39 24 89 42
test/00000187.jpg 69 39 24 89 79
test/00000188.jpg 69 39 24 42 89
test/00000189.jpg 69 39 3 42 24
test/00000190.jpg 69 39 24 42 89
test/00000191.jpg 69 39 42 24 3
test/00000192.jpg 69 39 24 79 42
test/00000193.jpg 69 39 24 42 89
test/00000194.jpg 69 39 3 24 42
test/00000195.jpg 69 39 24 42 89
test/00000196.jpg 69 39 24 89 42
test/00000197.jpg 69 39 24 42 89
test/00000198.jpg 69 39 24 42 3
test/00000199.jpg 69 39 24 42 74
test/00000200.jpg 69 39 89 24 42
test/00000201.jpg 69 39 42 89 24
test/00000202.jpg 69 39 24 42 89
test/00000203.jpg 69 39 89 24 42
test/00000204.jpg 69 39 24 42 89
test/00000205.jpg 69 39 42 24 79
test/00000206.jpg 69 39 24 79 42
test/00000207.jpg 69 39 24 42 89
test/00000208.jpg 69 39 24 42 3
test/00000209.jpg 69 39 24 3 42
test/00000210.jpg 69 39 24 89 42
test/00000211.jpg 69 39 24 42 89
test/00000212.jpg 69 39 24 42 3
test/00000213.jpg 69 39 42 24 89
test/00000214.jpg 69 39 24 42 89
test/00000215.jpg 69 39 24 42 3
test/00000216.jpg 69 39 24 42 3
test/00000217.jpg 69 39 42 3 79
test/00000218.jpg 69 39 24 42 79
test/00000219.jpg 69 39 42 24 3
test/00000220.jpg 69 39 24 3 42
test/00000221.jpg 69 39 24 42 89
test/00000222.jpg 69 39 24 42 79
test/00000223.jpg 69 39 24 42 74
test/00000224.jpg 69 39 42 24 3
test/00000225.jpg 69 39 24 89 42
test/00000226.jpg 69 39 24 42 89
test/00000227.jpg 69 39 42 24 89
test/00000228.jpg 69 39 24 89 3
test/00000229.jpg 69 39 24 42 3
test/00000230.jpg 69 39 3 42 89
test/00000231.jpg 69 39 42 24 89
test/00000232.jpg 69 39 24 42 3
test/00000233.jpg 69 39 24 89 3
test/00000234.jpg 69 39 24 89 3
test/00000235.jpg 69 39 42 24 3
test/00000236.jpg 69 39 42 24 74
test/00000237.jpg 69 39 42 89 24
test/00000238.jpg 69 39 24 89 79
test/00000239.jpg 69 39 89 42 3
test/00000240.jpg 69 39 24 42 89
test/00000241.jpg 69 39 24 42 3
test/00000242.jpg 69 39 24 42 3
test/00000243.jpg 69 39 24 3 42
test/00000244.jpg 69 39 89 42 24
test/00000245.jpg 69 39 24 42 89
test/00000246.jpg 69 39 24 42 3
test/00000247.jpg 69 39 24 42 74
test/00000248.jpg 69 39 24 42 3
test/00000249.jpg 69 39 42 24 79
test/00000250.jpg 69 39 24 3 89
test/00000251.jpg 69 39 24 42 89
test/00000252.jpg 69 39 24 42 79
test/00000253.jpg 69 39 42 24 89
test/00000254.jpg 69 39 24 42 3
test/00000255.jpg 69 39 24 42 79
test/00000256.jpg 69 39 24 42 3
test/00000257.jpg 69 39 42 24 3
test/00000258.jpg 69 39 42 79 24
test/00000259.jpg 69 39 24 42 3
test/00000260.jpg 69 39 24 89 3
test/00000261.jpg 69 39 24 3 79
test/00000262.jpg 69 39 24 42 89
test/00000263.jpg 69 39 24 42 3
test/00000264.jpg 69 39 24 89 42
test/00000265.jpg 69 39 24 89 42
test/00000266.jpg 69 39 24 79 42
test/00000267.jpg 69 39 24 3 42
test/00000268.jpg 69 39 42 24 3
test/00000269.jpg 69 39 24 42 74
test/00000270.jpg 69 39 42 24 79
test/00000271.jpg 69 39 24 42 89
test/00000272.jpg 69 39 42 89 24
test/00000273.jpg 69 39 24 42 3
test/00000274.jpg 69 39 24 3 42
test/00000275.jpg 69 39 42 89 24
test/00000276.jpg 69 39 24 42 89
test/00000277.jpg 69 39 24 89 3
test/00000278.jpg 69 39 24 79 42
test/00000279.jpg 69 39 24 3 42
test/00000280.jpg 69 39 24 42 89
test/00000281.jpg 69 39 24 42 89
test/00000282.jpg 69 39 24 42 79
test/00000283.jpg 69 39 89 24 42
test/00000284.jpg 69 39 24 89 3
test/00000285.jpg 69 39 24 3 42
test/00000286.jpg 69 39 24 42 79
test/00000287.jpg 69 39 24 42 89
test/00000288.jpg 69 39 24 74 89
test/00000289.jpg 69 39 42 24 3
test/00000290.jpg 69 39 42 89 24
test/00000291.jpg 69 39 24 42 89
test/00000292.jpg 69 39 24 3 42
test/00000293.jpg 69 39 79 24 3
test/00000294.jpg 69 39 24 42 3
test/00000295.jpg 69 39 24 42 89
test/00000296.jpg 69 39 24 42 89
test/00000297.jpg 69 39 24 42 3
test/00000298.jpg 69 39 42 24 79
test/00000299.jpg 69 39 24 89 42
test/00000300.jpg 69 39 24 3 42
test/00000301.jpg 69 39 24 42 79
test/00000302.jpg 69 39 24 42 89
test/00000303.jpg 69 39 24 42 3
test/00000304.jpg 69 39 24 42 89
test/00000305.jpg 69 39 24 89 3
test/00000306.jpg 69 39 24 42 89
test/00000307.jpg 69 39 24 42 79
test/00000308.jpg 69 39 24 3 79
test/00000309.jpg 69 39 42 24 3
test/00000310.jpg 69 39 24 42 79
test/00000311.jpg 69 39 24 42 79
test/00000312.jpg 69 39 42 24 89
test/00000313.jpg 69 39 42 24 79
test/00000314.jpg 69 39 24 42 79
test/00000315.jpg 69 39 24 42 79
test/00000316.jpg 69 39 24 3 42
test/00000317.jpg 69 39 24 42 79
test/00000318.jpg 69 39 42 24 89
test/00000319.jpg 69 39 24 3 42
test/00000320.jpg 69 39 24 42 3
test/00000321.jpg 69 39 24 89 79
test/00000322.jpg 69 39 24 3 79
test/00000323.jpg 69 39 24 42 74
test/00000324.jpg 69 39 24 42 79
test/00000325.jpg 69 39 42 24 3
test/00000326.jpg 69 39 24 42 89
test/00000327.jpg 69 39 24 79 89
test/00000328.jpg 69 39 24 42 74
test/00000329.jpg 69 39 24 42 89
test/00000330.jpg 69 39 42 24 3
test/00000331.jpg 69 39 24 42 79
test/00000332.jpg 69 39 24 89 42
test/00000333.jpg 69 39 24 42 79
test/00000334.jpg 69 39 24 79 42
test/00000335.jpg 69 39 42 24 89
test/00000336.jpg 69 39 24 42 79
test/00000337.jpg 69 39 24 42 89
test/00000338.jpg 69 39 24 79 42
test/00000339.jpg 69 39 42 24 3
test/00000340.jpg 69 39 24 89 42
test/00000341.jpg 69 39 24 89 3
test/00000342.jpg 69 39 24 42 3
test/00000343.jpg 69 39 24 79 89
test/00000344.jpg 69 39 24 42 3
test/00000345.jpg 69 39 24 42 89
test/00000346.jpg 69 39 89 42 24
test/00000347.jpg 69 39 24 42 3
test/00000348.jpg 69 39 42 24 89
test/00000349.jpg 69 39 24 42 89
test/00000350.jpg 69 39 24 42 79
test/00000351.jpg 69 39 24 89 3
test/00000352.jpg 69 39 24 89 42
test/00000353.jpg 69 39 24 3 42
test/00000354.jpg 69 39 24 42 3
test/00000355.jpg 69 39 42 24 74
test/00000356.jpg 69 39 3 24 42
test/00000357.jpg 69 39 24 79 3
test/00000358.jpg 69 39 24 42 79
test/00000359.jpg 69 39 24 89 3
test/00000360.jpg 69 39 42 24 79
test/00000361.jpg 69 39 24 42 3
test/00000362.jpg 69 39 24 42 79
test/00000363.jpg 69 39 42 24 3
test/00000364.jpg 69 39 24 42 3
test/00000365.jpg 69 39 42 89 24
test/00000366.jpg 69 39 24 42 74
test/00000367.jpg 69 39 24 42 89
test/00000368.jpg 69 39 24 42 89
test/00000369.jpg 69 39 24 3 89
test/00000370.jpg 69 39 24 42 89
test/00000371.jpg 69 39 42 24 3
test/00000372.jpg 69 39 24 42 3
test/00000373.jpg 69 39 24 42 3
test/00000374.jpg 69 39 42 24 89
test/00000375.jpg 69 39 42 24 89
test/00000376.jpg 69 39 42 89 24
test/00000377.jpg 69 39 24 3 42
test/00000378.jpg 69 39 24 42 3
test/00000379.jpg 69 39 42 89 74
test/00000380.jpg 69 39 42 24 79
test/00000381.jpg 69 39 42 79 24
test/00000382.jpg 69 39 24 42 3
test/00000383.jpg 69 39 24 42 3
test/00000384.jpg 69 39 24 79 42
test/00000385.jpg 69 39 24 42 3
test/00000386.jpg 69 39 24 42 89
test/00000387.jpg 69 39 24 79 42
test/00000388.jpg 69 39 24 42 3
test/00000389.jpg 69 39 24 89 42
test/00000390.jpg 69 39 24 42 89
test/00000391.jpg 69 39 24 42 89
test/00000392.jpg 69 39 24 42 89
test/00000393.jpg 69 39 24 42 89
test/00000394.jpg 69 39 24 42 79
test/00000395.jpg 69 39 24 3 42
test/00000396.jpg 69 39 24 42 89
test/00000397.jpg 69 39 24 42 79
test/00000398.jpg 69 39 24 42 89
test/00000399.jpg 69 39 24 3 79
test/00000400.jpg 69 39 24 42 89
test/00000401.jpg 69 39 42 24 3
test/00000402.jpg 69 39 24 42 89
test/00000403.jpg 69 39 24 42 3
test/00000404.jpg 69 39 24 42 79
test/00000405.jpg 69 39 42 24 89
test/00000406.jpg 69 39 42 24 89
