test/00000001.jpg 26 88 75 32 84
test/00000002.jpg 26 88 75 84 13
test/00000003.jpg 26 75 88 84 13
test/00000004.jpg 26 88 75 13 84
test/00000005.jpg 26 88 32 75 84
test/00000006.jpg 26 88 75 84 11
test/00000007.jpg 26 88 75 84 13
test/00000008.jpg 26 75 88 32 84
test/00000009.jpg 26 88 75 84 13
test/00000010.jpg 26 75 88 84 32
test/00000011.jpg 26 88 75 84 32
test/00000012.jpg 26 88 75 13 84
test/00000013.jpg 26 75 88 84 87
test/00000014.jpg 26 75 88 84 13
test/00000015.jpg 26 88 75 84 32
test/00000016.jpg 26 88 75 84 13
test/00000017.jpg 26 88 75 84 13
test/00000018.jpg 26 88 75 84 13
test/00000019.jpg 26 84 88 13 75
test/00000020.jpg 26 88 84 75 13
test/00000021.jpg 26 88 75 13 84
test/00000022.jpg 26 75 88 13 84
test/00000023.jpg 26 88 75 13 84
test/00000024.jpg 26 88 84 75 13
test/00000025.jpg 26 88 84 75 13
test/00000026.jpg 26 88 75 84 32
test/00000027.jpg 26 88 84 75 13
test/00000028.jpg 26 75 88 84 13
test/00000029.jpg 26 88 75 84 11
test/00000030.jpg 26 75 88 13 84
test/00000031.jpg 26 88 75 13 84
test/00000032.jpg 26 88 75 84 32
test/00000033.jpg 26 88 75 84 13
test/00000034.jpg 26 88 75 32 84
test/00000035.jpg 26 88 75 84 13
test/00000036.jpg 26 84 13 88 75
test/00000037.jpg 26 88 75 84 13
test/00000038.jpg 26 88 84 75 13
test/00000039.jpg 26 75 13 88 84