test/00000001.jpg 84 56 31 57 68
test/00000002.jpg 53 43 68 2 97
test/00000003.jpg 45 63 62 38 78
test/00000004.jpg 26 43 17 6 34
test/00000005.jpg 6 17 44 10 69
test/00000006.jpg 95 15 81 87 75
test/00000007.jpg 51 2 30 72 53
test/00000008.jpg 32 0 67 42 94
test/00000009.jpg 22 14 88 11 4
test/00000010.jpg 63 13 78 14 45
test/00000011.jpg 3 7 39 52 19
test/00000012.jpg 96 92 41 5 89
test/00000013.jpg 2 75 34 94 15
test/00000014.jpg 64 16 83 8 18
test/00000015.jpg 70 64 54 6 59
test/00000016.jpg 70 17 69 18 62
test/00000017.jpg 30 2 76 39 74
test/00000018.jpg 72 17 7 11 98
test/00000019.jpg 4 22 74 88 3
test/00000020.jpg 90 1 60 22 76
test/00000021.jpg 26 28 65 91 10
test/00000022.jpg 95 15 23 87 8
test/00000023.jpg 25 70 41 1 63
test/00000024.jpg 4 93 22 88 57
test/00000025.jpg 95 87 2 15 75
test/00000026.jpg 56 84 2 74 22
test/00000027.jpg 12 77 21 92 30
test/00000028.jpg 89 69 62 70 18
test/00000029.jpg 90 76 88 6 69
test/00000030.jpg 43 87 2 75 49
test/00000031.jpg 93 4 33 86 74
test/00000032.jpg 56 95 84 74 81
test/00000033.jpg 7 54 58 66 33
test/00000034.jpg 26 47 10 28 50
test/00000035.jpg 19 72 53 2 46
test/00000036.jpg 7 1 2 89 8
test/00000037.jpg 4 88 22 8 98
test/00000038.jpg 72 46 27 50 99
test/00000039.jpg 44 35 81 56 84
test/00000040.jpg 31 42 36 67 24
test/00000041.jpg 7 86 20 34 91
test/00000042.jpg 90 1 50 63 6
test/00000043.jpg 29 80 9 96 26
test/00000044.jpg 74 3 94 20 67
test/00000045.jpg 75 51 15 2 87
test/00000046.jpg 88 3 2 4 8
test/00000047.jpg 35 97 51 24 61
test/00000048.jpg 26 52 70 19 7
test/00000049.jpg 41 83 64 16 6
test/00000050.jpg 9 29 5 97 68
test/00000051.jpg 22 15 95 87 11
test/00000052.jpg 44 97 9 68 40
test/00000053.jpg 12 92 77 40 21
test/00000054.jpg 23 66 47 88 64
test/00000055.jpg 48 33 58 7 8
test/00000056.jpg 9 55 97 29 98
test/00000057.jpg 63 89 45 69 78
test/00000058.jpg 38 33 8 13 78
test/00000059.jpg 58 65 17 7 78
test/00000060.jpg 69 6 17 34 26
test/00000061.jpg 6 17 34 48 69
test/00000062.jpg 96 9 29 44 80
test/00000063.jpg 58 78 13 33 48
test/00000064.jpg 9 44 2 29 97
test/00000065.jpg 22 27 7 74 87
test/00000066.jpg 36 19 22 14 78
test/00000067.jpg 19 81 52 53 24
test/00000068.jpg 95 75 15 87 81
test/00000069.jpg 39 3 67 85 94
test/00000070.jpg 51 21 99 31 77
test/00000071.jpg 5 24 43 80 27
test/00000072.jpg 36 20 1 69 89
test/00000073.jpg 6 69 18 82 47
test/00000074.jpg 89 73 83 41 69
test/00000075.jpg 36 7 88 4 34
test/00000076.jpg 72 53 81 46 50
test/00000077.jpg 49 39 99 42 72
test/00000078.jpg 61 44 35 15 51
test/00000079.jpg 8 7 38 36 13
test/00000080.jpg 6 58 69 10 34
test/00000081.jpg 4 49 88 69 26
test/00000082.jpg 22 1 95 38 72
test/00000083.jpg 42 5 67 32 0
test/00000084.jpg 69 6 41 89 63
test/00000085.jpg 18 62 63 54 70
test/00000086.jpg 1 88 22 4 14
test/00000087.jpg 40 12 21 74 77
test/00000088.jpg 49 30 83 9 96
test/00000089.jpg 2 96 5 95 75
test/00000090.jpg 36 80 81 22 19
test/00000091.jpg 25 62 70 16 19
test/00000092.jpg 63 48 11 78 13
test/00000093.jpg 35 9 97 68 55
test/00000094.jpg 35 19 52 98 68
test/00000095.jpg 4 49 10 88 14
test/00000096.jpg 20 10 91 37 78
test/00000097.jpg 62 18 16 54 70
test/00000098.jpg 19 31 49 94 99
test/00000099.jpg 93 49 55 4 31
test/00000100.jpg 9 29 43 55 98
test/00000101.jpg 7 89 69 39 42
test/00000102.jpg 7 19 89 69 10
test/00000103.jpg 29 9 68 97 98
test/00000104.jpg 77 27 99 21 12
test/00000105.jpg 12 77 92 21 27
test/00000106.jpg 94 75 51 81 0
test/00000107.jpg 19 72 52 50 39
test/00000108.jpg 2 8 10 43 26
test/00000109.jpg 88 22 4 11 1
test/00000110.jpg 0 99 51 31 71
test/00000111.jpg 38 70 45 33 8
test/00000112.jpg 12 77 99 21 92
test/00000113.jpg 93 71 42 43 5
test/00000114.jpg 41 89 42 29 46
test/00000115.jpg 32 0 67 71 43
test/00000116.jpg 93 35 3 55 78
test/00000117.jpg 23 66 95 88 56
test/00000118.jpg 47 50 67 46 32
test/00000119.jpg 70 38 62 78 18
test/00000120.jpg 27 68 97 43 98
test/00000121.jpg 73 74 82 47 50
test/00000122.jpg 2 30 99 96 21
test/00000123.jpg 94 47 67 71 32
test/00000124.jpg 21 30 51 99 49
test/00000125.jpg 87 99 2 21 51
test/00000126.jpg 94 61 71 39 32
test/00000127.jpg 84 46 43 97 79
test/00000128.jpg 70 17 20 54 62
test/00000129.jpg 29 68 97 9 98
test/00000130.jpg 9 29 68 80 97
test/00000131.jpg 49 12 77 21 92
test/00000132.jpg 36 14 25 7 88
test/00000133.jpg 2 9 39 96 35
test/00000134.jpg 19 7 78 54 37
test/00000135.jpg 51 30 75 2 99
test/00000136.jpg 1 7 24 90 66
test/00000137.jpg 86 26 34 14 78
test/00000138.jpg 21 92 77 30 99
test/00000139.jpg 40 96 97 39 30
test/00000140.jpg 33 70 38 54 7
test/00000141.jpg 10 69 39 79 96
test/00000142.jpg 22 34 90 50 72
test/00000143.jpg 17 56 16 72 18
test/00000144.jpg 98 94 68 9 80
test/00000145.jpg 54 99 18 46 83
test/00000146.jpg 87 51 15 95 66
test/00000147.jpg 60 25 50 19 70
test/00000148.jpg 96 46 99 39 76
test/00000149.jpg 61 82 51 53 30
test/00000150.jpg 48 91 90 1 22
test/00000151.jpg 70 7 25 58 63
test/00000152.jpg 34 60 85 40 74
test/00000153.jpg 98 97 55 68 9
test/00000154.jpg 1 69 7 48 63
test/00000155.jpg 20 8 70 33 64
test/00000156.jpg 28 26 91 10 65
test/00000157.jpg 96 76 92 99 39
test/00000158.jpg 36 8 14 22 88
test/00000159.jpg 6 34 60 50 73
test/00000160.jpg 76 24 43 53 97
test/00000161.jpg 11 22 8 88 66
test/00000162.jpg 99 46 30 32 82
test/00000163.jpg 54 16 4 21 18
test/00000164.jpg 46 99 72 2 39
test/00000165.jpg 97 68 98 55 43
test/00000166.jpg 57 61 35 19 84
test/00000167.jpg 70 6 69 34 17
test/00000168.jpg 11 22 66 56 74
test/00000169.jpg 28 91 20 94 10
test/00000170.jpg 31 82 99 27 51
test/00000171.jpg 66 4 22 11 17
test/00000172.jpg 22 88 36 70 11
test/00000173.jpg 68 29 98 9 97
test/00000174.jpg 76 90 2 8 53
test/00000175.jpg 33 58 7 17 6
test/00000176.jpg 46 93 99 19 59
test/00000177.jpg 71 32 56 42 47
